 -1.228205 0.000100 0.000100 0.000100
 -1.425736 0.000100 0.000100 0.000100
 -1.601185 0.000100 0.000100 0.000100
 -1.327296 0.000100 0.000100 0.000100
 -1.367602 -1.349253 -1.745667 -1.166932
 -1.352393 -1.470176 -1.521469 -1.227230
 -1.032364 -1.400088 -1.616310 -1.616310
 -1.543923 -1.428854 -1.197053 -1.407348
 -1.250162 -1.365675 -1.791758 -1.232144
 -1.224906 -1.369487 -1.843944 -1.224906
 -0.944463 -1.450010 -1.621860 -1.720299
 -1.525020 -1.237339 -1.311447 -1.501490
 -1.079921 -1.549923 -1.595386 -1.405343
 -1.452252 -1.344622 -1.802454 -1.077559
 -1.185624 -1.504077 -1.473305 -1.414465
 -1.582039 -1.504077 -1.167606 -1.342809
 -1.294220 -1.124321 -1.817467 -1.433056
 -1.305326 -1.779782 -1.474401 -1.104655
 -1.086418 -1.356081 -1.692552 -1.510231
 -1.356441 -1.376244 -1.113880 -1.822530
 -1.179876 -1.195876 -1.990804 -1.371766
 -1.631416 -1.408273 -1.408273 -1.154493
 -1.116962 -1.368276 -1.550597 -1.579584
 -1.374598 -1.184555 -1.552279 -1.472237
 -1.326871 -1.200578 -1.844126 -1.289131
 -1.411485 -1.391282 -1.692386 -1.128918
 -1.077994 -1.443453 -2.025372 -1.232144
 -1.239195 -1.359339 -1.425296 -1.545924
 -1.036541 -1.138819 -2.055108 -1.624326
 -1.396876 -1.396876 -1.781287 -1.088142
 -0.904907 -1.291679 -1.879463 -1.784153
 -1.255266 -1.560647 -1.427116 -1.328026
 -1.116234 -1.157056 -2.661129 -1.244068
 -1.440361 -1.663504 -1.845826 -0.877577
 -1.402295 -1.052093 -1.658227 -1.540444
 -1.295566 -1.337238 -1.603866 -1.337238
 -1.386294 -1.093625 -2.120261 -1.220780
 -1.555635 -1.579732 -1.926008 -0.827398
 -1.052522 -1.331235 -1.955386 -1.405342
 -1.085007 -1.923335 -1.278198 -1.437828
 -1.093699 -1.123552 -2.422831 -1.381380
 -1.597603 -1.865866 -2.233589 -0.624156
 -1.170933 -1.122144 -1.864078 -1.563975
 -1.252763 -1.561498 -1.284512 -1.479820
 -1.233532 -0.933428 -2.437501 -1.477728
 -1.940399 -1.866291 -2.107452 -0.544538
 -1.159767 -0.986496 -1.937469 -1.774951
 -1.230189 -1.437828 -1.363720 -1.538924
 -1.279865 -0.836660 -2.833206 -1.469908
 -2.064912 -2.104132 -1.990804 -0.486729
 -1.261652 -1.013817 -1.894172 -1.591893
 -0.958256 -1.651402 -1.538924 -1.560430
 -0.898411 -1.033752 -2.869956 -1.712509
 -1.745239 -1.715386 -2.408530 -0.587788
 -0.921158 -1.415853 -2.149818 -1.415853
 -1.181812 -1.560247 -1.521027 -1.329136
 -1.051088 -1.130076 -2.855580 -1.309661
 -1.570865 -1.655422 -1.814487 -0.825076
 -0.808218 -1.688574 -1.813736 -1.577349
 -1.368903 -1.600704 -1.302211 -1.302211
 -1.180984 -0.939822 -2.972735 -1.381654
 -1.398129 -1.398129 -1.734600 -1.110447
 -0.668251 -1.945908 -1.834683 -1.688080
 -1.586965 -1.299283 -1.368276 -1.316090
 -1.340624 -0.911629 -3.168742 -1.222842
 -1.186072 -1.463058 -1.786844 -1.218862
 -0.882390 -1.863216 -2.114529 -1.170072
 -1.696925 -1.109139 -1.641355 -1.226922
 -1.432104 -0.908857 -2.307570 -1.352061
 -1.161284 -1.581786 -1.964777 -1.075517
 -1.247458 -1.652922 -1.835242 -1.016936
 -1.815289 -1.276294 -1.419394 -1.151131
 -1.438480 -1.284330 -2.180415 -0.986496
 -1.552006 -1.202332 -1.945909 -1.064711
 -1.466337 -1.296438 -1.584119 -1.235814
 -1.841430 -1.148284 -1.435966 -1.250563
 -1.441864 -1.283641 -2.358150 -0.936770
 -1.414732 -1.358643 -1.628306 -1.191589
 -1.082988 -1.476891 -2.071595 -1.180626
 -1.904236 -1.142098 -1.609437 -1.102877
 -1.011602 -1.550597 -2.908712 -0.995072
 -1.537117 -1.309334 -1.634755 -1.139435
 -1.411828 -1.115563 -1.734600 -1.377926
 -2.014902 -1.176574 -1.630491 -1.014731
 -1.315677 -1.544518 -2.614954 -0.809408
 -1.300935 -1.670681 -1.752919 -1.004203
 -1.040019 -1.575536 -2.114529 -1.142673
 -2.087739 -1.198479 -1.825375 -0.883768
 -0.753773 -1.422226 -2.302582 -1.670062
 -1.041455 -1.609437 -1.243978 -1.839960
 -0.867502 -1.560647 -1.560647 -1.832579
 -1.206323 -1.358515 -1.242255 -1.864784
 -14.797590 -0.000001 -14.797590 -14.797590
 -14.340241 -0.000002 -14.340241 -14.340241
 -14.340241 -0.000002 -14.340241 -14.340241
 -13.989468 -0.000003 -13.989468 -13.989468
 -1.386294 -1.386294 -1.386294 -1.386294
 -0.000000 -15.795133 -15.795133 -15.795133
 -1.386294 -1.386294 -1.386294 -1.386294
 -1.386294 -1.386294 -1.386294 -1.386294
 -15.795133 -15.795133 -0.000000 -15.795133
 -1.386294 -1.386294 -1.386294 -1.386294
 -1.386294 -1.386294 -1.386294 -1.386294
 -1.386294 -1.386294 -1.386294 -1.386294
 -1.386294 -1.386294 -1.386294 -1.386294
 -1.386294 -1.386294 -1.386294 -1.386294
 -1.276524 -1.717257 -1.027964 -1.694442
 -1.386294 -1.386294 -1.386294 -1.386294
 -1.594695 -1.230731 -1.724748 -1.118613
 -1.609437 -1.178656 -1.571697 -1.256617
 -1.294148 -1.397945 -1.549495 -1.322722
 -1.945908 -1.306830 -1.306830 -1.152680
 -0.851554 -1.472727 -2.753653 -1.272056
 -1.655718 -1.030626 -1.709785 -1.304321
 -1.275753 -1.275753 -1.571216 -1.453434
 -1.782456 -1.075517 -1.559313 -1.271632
 -1.341439 0.000100 0.000100 0.000100
 -1.330732 0.000100 0.000100 0.000100
 -1.431096 0.000100 0.000100 0.000100
 -1.447318 0.000100 0.000100 0.000100
 -1.517624 -1.347930 -1.255638 -1.443516
 -1.613707 -1.161236 -1.371145 -1.452704
 -1.328351 -1.233715 -1.414959 -1.604739
 -2.039945 -1.020013 -1.272909 -1.472472
 -1.422372 -1.317394 -1.377589 -1.431960
 -1.398671 -1.327770 -1.313945 -1.517544
 -1.308156 -1.290021 -1.323967 -1.669510
 -1.947159 -1.085389 -1.214006 -1.502623
 -1.239504 -1.427801 -1.536210 -1.364762
 -1.356112 -1.395230 -1.403241 -1.391249
 -1.194442 -1.367436 -1.403401 -1.626544
 -1.821770 -1.113947 -1.393275 -1.340407
 -1.472574 -1.297456 -1.284158 -1.511604
 -1.587397 -1.144577 -1.391614 -1.476172
 -1.290307 -1.266379 -1.493355 -1.521675
 -1.942774 -1.029227 -1.326478 -1.452431
 -1.414868 -1.402266 -1.329821 -1.400479
 -1.412270 -1.308791 -1.335123 -1.499965
 -1.305826 -1.319543 -1.329259 -1.623939
 -1.934732 -1.103202 -1.189644 -1.516856
 -1.215419 -1.387529 -1.595549 -1.382599
 -1.307524 -1.379907 -1.453602 -1.409841
 -1.246428 -1.327267 -1.425172 -1.575994
 -1.849518 -1.121839 -1.419141 -1.290675
 -1.485568 -1.349613 -1.269570 -1.455287
 -1.623721 -1.133098 -1.418277 -1.432666
 -1.355412 -1.221091 -1.469056 -1.527361
 -2.013162 -1.032333 -1.278845 -1.461445
 -1.444268 -1.329752 -1.368903 -1.405875
 -1.375087 -1.284168 -1.321147 -1.592225
 -1.353047 -1.328046 -1.306336 -1.581126
 -1.867339 -1.074108 -1.282480 -1.484945
 -1.265592 -1.363529 -1.614384 -1.335001
 -1.391223 -1.347401 -1.388591 -1.419281
 -1.200708 -1.332412 -1.435856 -1.623197
 -1.921239 -1.130111 -1.307644 -1.346610
 -1.445502 -1.336136 -1.293877 -1.481453
 -1.521884 -1.179598 -1.404974 -1.474366
 -1.397327 -1.265381 -1.369200 -1.531085
 -2.217868 -1.035057 -1.212523 -1.433357
 -1.433517 -1.386294 -1.335924 -1.391845
 -1.423031 -1.250434 -1.362937 -1.529108
 -1.299869 -1.243498 -1.341980 -1.727484
 -1.980693 -1.089184 -1.239466 -1.443937
 -1.265326 -1.423171 -1.542250 -1.335584
 -1.380186 -1.336292 -1.418074 -1.412762
 -1.156973 -1.391944 -1.404774 -1.652610
 -1.788740 -1.174883 -1.348570 -1.330433
 -1.461358 -1.353952 -1.249299 -1.499886
 -1.565991 -1.160526 -1.407476 -1.456557
 -1.310794 -1.318056 -1.406394 -1.524575
 -2.051140 -1.018902 -1.308766 -1.426003
 -1.455096 -1.293055 -1.412058 -1.392112
 -1.403033 -1.292209 -1.386608 -1.471570
 -1.365360 -1.237639 -1.320054 -1.673857
 -1.920377 -1.054054 -1.255641 -1.513978
 -1.195733 -1.405407 -1.593578 -1.390088
 -1.338563 -1.368049 -1.445809 -1.395864
 -1.195505 -1.301921 -1.457394 -1.647151
 -1.785394 -1.111466 -1.395275 -1.364815
 -1.396777 -1.435300 -1.253482 -1.473796
 -1.565807 -1.223021 -1.391453 -1.394216
 -1.321247 -1.279387 -1.427456 -1.536786
 -1.998295 -1.095030 -1.256358 -1.405619
 -1.454913 -1.252545 -1.388041 -1.464303
 -1.371286 -1.261015 -1.406886 -1.523495
 -1.365950 -1.201142 -1.318483 -1.734601
 -1.950315 -1.089465 -1.229465 -1.474360
 -1.256968 -1.451756 -1.575606 -1.293008
 -1.263260 -1.444040 -1.519469 -1.337623
 -1.255441 -1.313410 -1.405013 -1.605523
 -1.716075 -1.165273 -1.395168 -1.344766
 -1.444950 -1.342481 -1.328857 -1.434368
 -1.536489 -1.184347 -1.398987 -1.460707
 -1.371672 -1.224922 -1.381396 -1.602913
 -1.936517 -1.076215 -1.273937 -1.447391
 -1.393855 -1.319875 -1.401024 -1.433933
 -1.458552 -1.271538 -1.338383 -1.492732
 -1.357564 -1.189327 -1.388816 -1.666448
 -1.964229 -1.114832 -1.174435 -1.501605
 -1.235116 -1.504501 -1.479995 -1.349261
 -1.385340 -1.424255 -1.354028 -1.382798
 -1.199401 -1.409472 -1.369863 -1.608381
 -1.791759 -1.203399 -1.325315 -1.318853
 -1.583614 -1.254607 -1.222818 -1.536278
 -1.798524 -1.190333 -1.219067 -1.448887
 -1.406603 -1.241656 -1.329136 -1.602389
 -1.970149 -1.055522 -1.229664 -1.513391
 -16.820204 -0.000000 -16.820204 -16.820204
 -17.300743 0.000000 -17.300743 -17.300743
 -17.235203 0.000000 -17.235203 -17.235203
 -16.960524 0.000000 -16.960524 -16.960524
 -1.386294 -1.386294 -1.386294 -1.386294
 0.000000 -18.484501 -18.484501 -18.484501
 -1.386294 -1.386294 -1.386294 -1.386294
 -1.386294 -1.386294 -1.386294 -1.386294
 -18.484501 -18.484501 0.000000 -18.484501
 -1.386294 -1.386294 -1.386294 -1.386294
 -1.386294 -1.386294 -1.386294 -1.386294
 -1.386294 -1.386294 -1.386294 -1.386294
 -1.386294 -1.386294 -1.386294 -1.386294
 -1.386294 -1.386294 -1.386294 -1.386294
 -1.420555 -1.127451 -1.477280 -1.578402
 -1.386294 -1.386294 -1.386294 -1.386294
 -1.222921 -1.398406 -1.573209 -1.381259
 -1.261199 -1.504222 -1.378216 -1.416885
 -1.170163 -1.276259 -1.592323 -1.574304
 -1.739921 -1.075685 -1.413491 -1.426662
 -1.356503 -1.423473 -1.306492 -1.466221
 -1.470229 -1.198807 -1.425176 -1.477939
 -1.329593 -1.247641 -1.432541 -1.562881
 -1.981101 -1.094646 -1.251174 -1.421897
