 -1.319031 0.000100 0.000100 0.000100
 -1.485158 0.000100 0.000100 0.000100
 -1.371399 0.000100 0.000100 0.000100
 -1.376790 0.000100 0.000100 0.000100
 -1.217672 -1.449473 -1.781606 -1.200578
 -1.350788 -1.678000 -1.501070 -1.104655
 -1.021055 -1.536867 -1.642227 -1.464546
 -1.853059 -1.159913 -1.159913 -1.531476
 -1.275871 -1.454562 -1.476541 -1.351378
 -1.314639 -1.986730 -1.501224 -0.990399
 -0.988993 -1.410987 -1.698668 -1.603358
 -1.619642 -1.594324 -1.172330 -1.240153
 -1.197394 -1.458120 -1.781906 -1.213923
 -1.226446 -1.919591 -1.347074 -1.203973
 -1.175802 -1.668278 -1.213543 -1.581267
 -1.590206 -1.436056 -1.233532 -1.320543
 -1.295972 -1.260254 -1.837568 -1.260254
 -1.085455 -1.798403 -1.926235 -1.046989
 -1.231372 -1.177305 -1.531476 -1.693995
 -1.694595 -1.694595 -1.167241 -1.134980
 -1.217672 -1.200578 -2.100059 -1.270782
 -1.358124 -1.668278 -1.763587 -0.960094
 -1.036093 -1.193278 -1.711220 -1.824548
 -1.343735 -1.619146 -1.343735 -1.272276
 -1.367602 -1.151894 -1.693024 -1.405343
 -1.431757 -1.758969 -2.248515 -0.727050
 -0.818312 -1.416147 -1.968214 -1.734600
 -1.516347 -1.516347 -1.179876 -1.371766
 -1.300935 -1.103576 -2.172771 -1.265217
 -1.409284 -1.803187 -1.769286 -0.866420
 -1.113002 -1.330725 -1.445135 -1.763587
 -1.381654 -1.707076 -1.211755 -1.310195
 -1.113880 -1.083575 -2.343825 -1.438119
 -1.621133 -1.780198 -1.889396 -0.728655
 -1.078810 -1.118816 -1.966111 -1.643339
 -1.490091 -1.647720 -1.070833 -1.429466
 -1.481604 -1.098613 -1.956061 -1.210730
 -1.562185 -2.090250 -1.929908 -0.651037
 -1.022452 -1.296888 -1.676376 -1.715597
 -1.252763 -1.683545 -1.286665 -1.376816
 -1.140724 -0.977399 -2.377483 -1.554286
 -1.646251 -2.020943 -1.646251 -0.729962
 -1.173274 -1.220902 -1.843430 -1.437966
 -1.250629 -1.694120 -1.098613 -1.626679
 -1.257677 -1.113428 -2.182623 -1.292768
 -2.051889 -1.891547 -2.051889 -0.523948
 -1.078810 -1.059392 -2.066194 -1.678430
 -1.220780 -1.634755 -1.255266 -1.491655
 -1.263290 -1.018168 -2.479681 -1.301030
 -1.819157 -2.175831 -2.224621 -0.484159
 -1.220503 -0.953875 -2.095968 -1.625966
 -1.142098 -1.698385 -1.254893 -1.547562
 -1.083345 -0.996334 -2.564945 -1.535330
 -1.860751 -1.825660 -1.897119 -0.628610
 -0.964023 -1.215337 -1.937469 -1.726161
 -1.353505 -1.742969 -1.337504 -1.190180
 -1.054810 -1.054810 -2.595250 -1.474663
 -1.544197 -1.716047 -1.849578 -0.799758
 -0.912202 -1.625966 -1.712977 -1.508184
 -1.421386 -1.640074 -1.272350 -1.257083
 -1.391000 -1.030559 -2.588699 -1.141785
 -1.428091 -1.478102 -1.675927 -1.064127
 -0.807093 -1.871800 -1.776491 -1.466337
 -1.538924 -1.437828 -1.418780 -1.184379
 -1.464663 -0.975817 -2.728350 -1.118918
 -1.359908 -1.402467 -1.593522 -1.223776
 -0.983544 -1.867743 -1.634130 -1.285824
 -1.945909 -1.368595 -1.300772 -1.107581
 -1.409825 -0.927988 -2.056450 -1.458615
 -1.454562 -1.275871 -1.619642 -1.240153
 -1.105993 -1.580450 -1.868131 -1.174986
 -2.097139 -1.286211 -1.270463 -1.138887
 -1.392525 -1.252763 -2.308812 -1.003868
 -1.728389 -1.434150 -1.474156 -1.035243
 -1.133460 -1.549619 -1.651401 -1.294727
 -2.312061 -1.279049 -1.643014 -0.845728
 -1.372689 -1.294727 -2.585705 -0.923165
 -1.380961 -1.339288 -2.053053 -1.026417
 -1.432104 -1.184268 -1.902106 -1.184268
 -2.182297 -1.349390 -1.540445 -0.883017
 -1.199417 -1.400088 -2.150390 -1.091787
 -1.250254 -1.250254 -1.766943 -1.361479
 -1.460402 -1.460402 -1.583004 -1.107582
 -1.882730 -1.400893 -1.415708 -1.025281
 -1.392229 -2.038854 -2.490837 -0.619040
 -1.469908 -1.567547 -1.898903 -0.887304
 -1.016935 -1.904236 -1.904236 -1.077560
 -2.244954 -1.403389 -1.592630 -0.809872
 -0.818726 -1.443818 -2.442342 -1.443818
 -0.881201 -1.574346 -1.806147 -1.540444
 -0.817711 -1.342234 -2.001477 -1.819156
 -1.453953 -0.881092 -2.057868 -1.494775
 -1.795719 -14.743731 -14.743731 -0.181532
 -1.967985 -14.644064 -14.644064 -0.150520
 -1.824547 -13.742944 -13.742944 -0.175894
 -2.577682 -14.272938 -14.272938 -0.078990
 -0.000003 -13.825465 -13.825465 -13.825465
 -1.386294 -1.386294 -1.386294 -1.386294
 -1.386294 -1.386294 -1.386294 -1.386294
 -0.000001 -15.659230 -15.659230 -15.659230
 -15.807487 -15.807487 -0.000000 -15.807487
 -1.386294 -1.386294 -1.386294 -1.386294
 -1.386294 -1.386294 -1.386294 -1.386294
 -1.386294 -1.386294 -1.386294 -1.386294
 -1.386294 -1.386294 -1.386294 -1.386294
 -1.386294 -1.386294 -1.386294 -1.386294
 -1.288878 -1.737333 -1.017416 -1.677165
 -1.386294 -1.386294 -1.386294 -1.386294
 -1.479626 -1.319284 -1.940970 -1.017809
 -1.768769 -1.363305 -2.026596 -0.816762
 -1.536678 -1.210282 -1.708528 -1.185281
 -2.211927 -1.135792 -1.282395 -1.231102
 -1.091496 -1.252763 -2.456730 -1.228071
 -1.736189 -1.157453 -1.763588 -1.084428
 -1.271884 -1.098613 -1.663925 -1.624705
 -1.675305 -1.181648 -1.465010 -1.291347
 -1.331501 0.000100 0.000100 0.000100
 -1.334771 0.000100 0.000100 0.000100
 -1.480700 0.000100 0.000100 0.000100
 -1.405589 0.000100 0.000100 0.000100
 -1.473800 -1.378706 -1.189837 -1.538181
 -1.578931 -1.197806 -1.347221 -1.461074
 -1.362731 -1.286158 -1.364583 -1.550124
 -2.060147 -1.112180 -1.170885 -1.454011
 -1.346641 -1.402964 -1.399394 -1.397258
 -1.341999 -1.448627 -1.234504 -1.547376
 -1.207831 -1.406427 -1.254351 -1.766810
 -1.771068 -1.208486 -1.198840 -1.471174
 -1.182342 -1.464909 -1.554792 -1.381874
 -1.369205 -1.360355 -1.400237 -1.416413
 -1.122660 -1.373919 -1.492078 -1.626740
 -1.815969 -1.189100 -1.350145 -1.296009
 -1.522259 -1.390725 -1.133924 -1.555335
 -1.610824 -1.178447 -1.329228 -1.479115
 -1.333867 -1.293371 -1.337366 -1.611126
 -2.034924 -1.098763 -1.199061 -1.450089
 -1.334612 -1.445285 -1.382764 -1.385587
 -1.338448 -1.428768 -1.280686 -1.512779
 -1.223053 -1.425560 -1.267197 -1.694582
 -1.792912 -1.227104 -1.175698 -1.461960
 -1.228916 -1.454142 -1.557393 -1.335202
 -1.405971 -1.301721 -1.448963 -1.394350
 -1.133044 -1.395051 -1.476387 -1.601139
 -1.806678 -1.168099 -1.376145 -1.300875
 -1.590889 -1.351659 -1.131072 -1.538245
 -1.601041 -1.194004 -1.336553 -1.458615
 -1.332235 -1.274946 -1.370089 -1.596606
 -2.067157 -1.062345 -1.199959 -1.484552
 -1.305402 -1.446602 -1.412546 -1.386113
 -1.301426 -1.461381 -1.275496 -1.529479
 -1.195545 -1.433126 -1.297358 -1.683913
 -1.758611 -1.229156 -1.205392 -1.445611
 -1.234328 -1.457949 -1.492550 -1.380479
 -1.414370 -1.328701 -1.457630 -1.349720
 -1.120940 -1.381862 -1.504600 -1.605396
 -1.841454 -1.189021 -1.374044 -1.259441
 -1.511780 -1.360769 -1.181597 -1.531407
 -1.572746 -1.183303 -1.329411 -1.506760
 -1.311943 -1.276951 -1.379665 -1.608665
 -2.039459 -1.099924 -1.193442 -1.453166
 -1.346498 -1.513004 -1.322017 -1.374343
 -1.297816 -1.424713 -1.301406 -1.541098
 -1.195056 -1.419042 -1.274258 -1.738812
 -1.782585 -1.214895 -1.195125 -1.459339
 -1.181396 -1.476732 -1.542131 -1.382931
 -1.433701 -1.325984 -1.406842 -1.381833
 -1.064659 -1.444034 -1.464370 -1.671540
 -1.841000 -1.182625 -1.341596 -1.296673
 -1.498874 -1.411763 -1.137897 -1.549222
 -1.544794 -1.215189 -1.322701 -1.498006
 -1.340326 -1.286717 -1.368547 -1.572204
 -2.095096 -1.079493 -1.175380 -1.476340
 -1.312211 -1.478853 -1.367467 -1.393820
 -1.319450 -1.385546 -1.305081 -1.554097
 -1.218579 -1.426348 -1.245931 -1.734476
 -1.765733 -1.218024 -1.181915 -1.485303
 -1.183883 -1.469725 -1.469725 -1.452714
 -1.443938 -1.325352 -1.386010 -1.393428
 -1.092862 -1.374953 -1.511022 -1.654391
 -1.825328 -1.151270 -1.387480 -1.298662
 -1.530227 -1.443008 -1.087993 -1.558719
 -1.568997 -1.212911 -1.322710 -1.478395
 -1.315967 -1.323351 -1.333090 -1.600071
 -2.004588 -1.131402 -1.178194 -1.448725
 -1.358124 -1.471371 -1.326312 -1.395165
 -1.334359 -1.467751 -1.264651 -1.496591
 -1.229531 -1.425896 -1.239180 -1.727908
 -1.775149 -1.236234 -1.182851 -1.453881
 -1.206178 -1.454344 -1.558611 -1.359928
 -1.467212 -1.325884 -1.449036 -1.312791
 -1.108575 -1.369989 -1.483891 -1.665438
 -1.848529 -1.185744 -1.358270 -1.273296
 -1.512599 -1.410877 -1.118258 -1.565970
 -1.557667 -1.163506 -1.342597 -1.533322
 -1.335125 -1.258995 -1.340452 -1.654391
 -2.085460 -1.102865 -1.164703 -1.461810
 -1.299694 -1.509371 -1.279246 -1.478021
 -1.348613 -1.459978 -1.213960 -1.555235
 -1.202492 -1.419694 -1.250481 -1.763753
 -1.717265 -1.275095 -1.145737 -1.500361
 -1.175830 -1.516658 -1.498992 -1.391757
 -1.493992 -1.299332 -1.347119 -1.415421
 -1.078451 -1.438872 -1.458079 -1.660731
 -1.858782 -1.191183 -1.307529 -1.310117
 -1.516302 -1.300319 -1.048454 -1.847989
 -1.544398 -0.997784 -1.229370 -2.076347
 -1.291678 -1.184397 -1.349402 -1.833426
 -2.188676 -0.940026 -1.085514 -1.835152
 -0.837079 -17.866251 -0.939896 -1.735240
 -0.765754 -18.344555 -0.889618 -2.085829
 -0.717984 -18.274729 -0.879876 -2.328609
 -1.311538 -17.550081 -0.609126 -1.677885
 0.000000 -18.614519 -18.614519 -18.614519
 -1.386294 -1.386294 -1.386294 -1.386294
 0.000000 -18.595726 -18.595726 -18.595726
 0.000000 -17.449934 -17.449934 -17.449934
 -19.444569 -19.444569 0.000000 -19.444569
 -1.386294 -1.386294 -1.386294 -1.386294
 -1.386294 -1.386294 -1.386294 -1.386294
 -1.386294 -1.386294 -1.386294 -1.386294
 -1.386294 -1.386294 -1.386294 -1.386294
 -1.386294 -1.386294 -1.386294 -1.386294
 -1.200507 -1.379279 -1.315043 -1.721848
 -1.386294 -1.386294 -1.386294 -1.386294
 -1.092071 -1.486748 -1.610751 -1.432820
 -1.378478 -1.390440 -1.456776 -1.323934
 -1.069472 -1.373267 -1.639177 -1.563544
 -1.604626 -1.195169 -1.498466 -1.298613
 -1.418110 -1.466951 -1.151698 -1.555416
 -1.519034 -1.201466 -1.363124 -1.494041
 -1.299851 -1.243943 -1.439832 -1.598426
 -1.919164 -1.124429 -1.222009 -1.453311
